200 0 0
100
13 13
13 14
13 15
13 16
13 17
14 13
14 14
14 15
14 16
14 17
15 13
15 14
15 15
15 16
15 17
16 13
16 14
16 15
16 16
16 17
17 13
17 14
17 15
17 16
17 17
43 43
43 44
43 45
43 46
43 47
44 43
44 44
44 45
44 46
44 47
45 43
45 44
45 45
45 46
45 47
46 43
46 44
46 45
46 46
46 47
47 43
47 44
47 45
47 46
47 47
13 43
13 44
13 45
13 46
13 47
14 43
14 44
14 45
14 46
14 47
15 43
15 44
15 45
15 46
15 47
16 43
16 44
16 45
16 46
16 47
17 43
17 44
17 45
17 46
17 47
43 13
43 14
43 15
43 16
43 17
44 13
44 14
44 15
44 16
44 17
45 13
45 14
45 15
45 16
45 17
46 13
46 14
46 15
46 16
46 17
47 13
47 14
47 15
47 16
47 17
4
15 15 waver 1 10 360 1
45 45 waver -1 10 360 -1
15 45 waver -1 10 360 -1
45 15 waver 1 10 360 -1
3
10 30 square 10
30 30 circle 5
50 30 rectangle 15 10