15 190 255
100
28 13
28 14
28 15
28 16
28 17
29 13
29 14
29 15
29 16
29 17
30 13
30 14
30 15
30 16
30 17
31 13
31 14
31 15
31 16
31 17
32 13
32 14
32 15
32 16
32 17
28 43
28 44
28 45
28 46
28 47
29 43
29 44
29 45
29 46
29 47
30 43
30 44
30 45
30 46
30 47
31 43
31 44
31 45
31 46
31 47
32 43
32 44
32 45
32 46
32 47
43 28
43 29
43 30
43 31
43 32
44 28
44 29
44 30
44 31
44 32
45 28
45 29
45 30
45 31
45 32
46 28
46 29
46 30
46 31
46 32
47 28
47 29
47 30
47 31
47 32
13 28
13 29
13 30
13 31
13 32
14 28
14 29
14 30
14 31
14 32
15 28
15 29
15 30
15 31
15 32
16 28
16 29
16 30
16 31
16 32
17 28
17 29
17 30
17 31
17 32
4
30 0 waver -1 10 360 1
30 50 waver -1 10 360 -1
50 30 waver 1 10 360 -1
0 30 waver 1 10 360 1
1
30 30 square 10