255 0 255
121
25 25
25 26
25 27
25 28
25 29
25 30
25 31
25 32
25 33
25 34
25 35
26 25
26 26
26 27
26 28
26 29
26 30
26 31
26 32
26 33
26 34
26 35
27 25
27 26
27 27
27 28
27 29
27 30
27 31
27 32
27 33
27 34
27 35
28 25
28 26
28 27
28 28
28 29
28 30
28 31
28 32
28 33
28 34
28 35
29 25
29 26
29 27
29 28
29 29
29 30
29 31
29 32
29 33
29 34
29 35
30 25
30 26
30 27
30 28
30 29
30 30
30 31
30 32
30 33
30 34
30 35
31 25
31 26
31 27
31 28
31 29
31 30
31 31
31 32
31 33
31 34
31 35
32 25
32 26
32 27
32 28
32 29
32 30
32 31
32 32
32 33
32 34
32 35
33 25
33 26
33 27
33 28
33 29
33 30
33 31
33 32
33 33
33 34
33 35
34 25
34 26
34 27
34 28
34 29
34 30
34 31
34 32
34 33
34 34
34 35
35 25
35 26
35 27
35 28
35 29
35 30
35 31
35 32
35 33
35 34
35 35
1
30 30 spinner 3 1
4
15 30 circle 5
45 30 circle 5
30 15 circle 5
30 45 circle 5